{
  "height": 16,
  "width": 17,
  "x": 1299.359375,
  "y": 4860.15625
}