{
  "height": 16,
  "width": 9,
  "x": 1258.359375,
  "y": 4860.15625
}