{
  "height": 16,
  "width": 19,
  "x": 1231.359375,
  "y": 5500.359375
}