{
  "height": 18,
  "width": 207,
  "x": 4446.90625,
  "y": 2992.234375
}