{
  "height": 16,
  "width": 16,
  "x": 1275.359375,
  "y": 4833.15625
}