{
  "height": 18,
  "width": 90,
  "x": 642.46875,
  "y": 8710.59375
}