{
  "height": 16,
  "width": 9,
  "x": 1258.359375,
  "y": 5483.640625
}