{
  "height": 18,
  "width": 203,
  "x": 4449.21875,
  "y": 2985.984375
}