{
  "height": 16,
  "width": 19,
  "x": 1231.359375,
  "y": 4860.15625
}